88 115 275
88 567
88 223 460 1315
88 176 223 662 663
88 581
88 293 616
88 271 714 1095
69 88 869 983 1068
28 88 915
53 88 591 707 708
88 98 606
88 1232
88 420 522 875 876
88 260 261 1192
80 88 1067 1245
88 225 307 1029
88 591
88 420 579 855
88 763
88 381 719 1086
88 855 970
88 391 392 1009
88 404
88 445 606 770
88 485
88 474 494
88 420 634 804 866
88 641 855 888
80 88 1125
80 88
88 487 708 725
88 581 898 974
88 1104
88 1133
88 274
88 581 663
88 420 522 591
88 176 620 621 1084
88 511 855 1090
88 382 420 486 591
88 176
88 92
88 271 292 470
88 334 445 1085
88 154
88 522
88 295 436 437 736
88 569 677
88 115 801 1095 1183
88 152 307 771
18 19 88 115 125
88 261 801 976
88 98
88 543 1012
22 69 79 88 99
88 125 474
88 894
70 78 88
88 335 624
88 420 566
88 194 225 677
69 88
88 271
88 98 99 420
88 349
88 474
88 210 1024
88 830
88 1009
88 392 1009 1309
88 420
88 583
88 176 1084
88 382 522 561
7 88 875
88 98 271
88 334 445 1073
80 88 677
88 445
88 522 581
88 100
88 225 364 975
88 983
69 88 100
88 985
88 420 849
88 641 855 1166
88 470 474 493 494
88 98 115 445 1024
88 549
88 220 420
88 109 875
88 739
88 594 782
88 604 606 1074
88 195 606
88 546 561 591 663
88 918 955 1095
88 770 1065 1224
88 99 100
88 176 663 955
88 115
88 604
88 195 486 1121
88 926
80 88 1110 1113
88 621 1040
88 1084
88 567 1153
80 88 621 1040
88 195 591
88 641 1074 1119
88 496
88 120 494 581 763
88 543 945 1116
88 891
88 875 895 897
88 549 849
88 391 392 1009 1309
88 135
88 223
88 304 420 581 740
88 491 508
88 98 377
88 420 677
92 393 840 1280 1286
46 282 292 931 932
234 282
282 1249 1314
282 293 344 516
209 244 282 292
46 209 282 292
46 282 292 706
282 283
112 282 292
24 155 255 282
206 282
282 1229
241 282 293 856
87 154 282 292 293
154 282 292 456
91 282 706 1156
154 240 282 292
32 109 211 282 293
282 292 388
154 282 404 794 1322
282 292
250 282 733 1231
282 292 496 733
282 289 292
34 155 282 388 733
282 289 292 293 733
282 283 287 733
73 248 282 292 642
282 292 833 1308
250 282 292
154 240 282 292 293
282 733
154 282 293
94 282 292 388 444
209 282
1 282 292 316 881
282 289 456
29 282 283 292 496
154 250 271 282 294
155 733 986 1190 1228
293 733 765 1188
271 469 733 833
87 456 733
292 570 706 733
154 292 293 316 733
255 257 733
286 733 850
154 240 292 733
733 856
244 283 292 322
16 36 287 292 293
286 287 293 968 1231
362 783 931
154 362 1301
49 329 335
49 1108 1225
989 990
899 989
899 990 1135
248 271 292
271 850
39 271 292 484 1051
271 292 461
271 292 301 706 767
271 292 394
271 308
271 1292
271 984
271 320 375 850 1153
271 292 1170
41 109 271 292 587
215 271 1148
11 213 271 292 1153
154 271 292
154 240 271
271 292 293
271 713 966 1186
65 71 315
83 315 316 1044
41 51 315 394
41 43 315 356 553
170 315 316
315 316
315 378 553 969 1176
316 787 788 843
316 1118
41 223 316 553 797
316 969
316 1021
141 316
316 553
188 316 1236
316 1207
207 316 336 393 1284
316 1176
316 393 394
83 316
316 828 1200
41 316
83 85 316
316 1236 1319
316 747 954 1176
316 811 868
316 843 1317
316 370 394
316 877
316 805
316 365 393 843
316 394
223 316 503 749
288 316
316 873
316 1236
316 539 664 667
316 356 553 1215
316 393 1250
252 582 588 771
754 755 771
771 774
152 252 308 771
304 377 771
317 771 772 774
13 149 252 771
772 774
152 308 317 377 1254
317 572 687 1328
203 1136 1142
154 485 1136 1144
1016 1136
204 1136
203 375 1142
115 601 1072 1142
924 964 1249
784 1249 1326
923 924 1249
58 359 402 784
414 514 515 784
784 804 860 1200 1307
12 280 295 359 784
117 335 1023
335 514 515 950 1080
7 335 828
335 507 524 903 1200
333 335
335 1089
335 827 850
247 335
335 359
177 216 335 647 722
335 446 447
55 335 947
177 335 1010
77 194 227 247 335
116 227 335 369 627
335 364 1316
335 791
279 335 394 615
177 335
225 333 335
165 194 335 671 679
177 335 555 556 642
177 335 517
335 517 1201
248 293 335 775
154 394
107 393 394 540
188 394 1236
298 325 394 460
7 394
393 394
349 394 981
346 394
154 292 294 394 1248
394 1285
394 1290
349 394 1159
394 1007
154 223 394
154 293 310 394
223 394
378 394
184 188 302 385 394
246 394
325 326 394 458
394 835 982 1312
394 940
394 407
40 105 393 394
325 394 460
365 393 394
40 106 223 394
105 394 829 1193
393 394 407
114 394
223 393 394
394 410 615
154 293 372 394
106 394
41 356 394
62 67 393 394
8 62 393 394
34 154 394
394 1081
36 1243
36 366 441
36 343 584 1178 1245
36 247 370 1026 1178
36 162 1271 1283
36 464 505 592
36 177 1272
36 42 928 929 934
36 233 276 278
36 225 364 821 1277
36 42 705 1011 1178
36 151
581 663
581 591
523 581
581 583 585
439 581 621
82 178 231 264
178 1198
41 178 1198
178 1013 1149
41 615 640 1200
117 617 690 770 801
33 221 416 1156 1228
305 577 754
90 753
754 779 780
306 577 619 754
306 340
81 306 308 340
307 431 576 618 619
117 164 307
308 755 1172
755 1212
657 676 755
574 576 755
308 1171 1172
148 152 252 308
35 252 308
81 308 572
759 1239
177 759
41 759 813
38 180 630 737 759
541 759
645 680 682 759
525 1078 1157 1169 1239
225 226 1239
225 333 800 953 1239
7 85 496 828 1239
128 343 452 756 1259
128 255
128 452 756
128 212 304 377 1092
5 128 281 304
128 452
177 668 671 722 796
117 177 650 722 1042
177 1034 1035
177 194 222 309
177 1212 1213
177 360 1054
177 722 1313
177 761
177 212 360 727 728
177 212 360
177 1151
177 248 603
177 194 222 309 626
177 194 309 650 1130
177 194 309 650
177 345 647 668 1041
161 177 181 544
177 1092
12 295 723
227 295 718 1200
163 295 364 436 718
295 746
232 295 527 656
38 219 295 406
38 295 676 1155 1220
295 692 746
232 235 295 1045
232 295
227 295 446
216 232 295 668
295 607
232 295 516 629 656
38 607 628 746
327 329 665 694 746
38 117 746
41 746 813 817
38 512 541 737 746
746 828
541 656 746 1295
629 645 746 1078
436 718 732 746
93 296 302
296 302 961 1257
296 302 762
296 302 764
296 633 764
296 762
31 296 443 762
296 302
296 302 440 548 900
31 296 762
296 302 443 762
31 296 302 443 762
296 302 762 764
296 302 443
245 302 361
302 427 1236
197 302
302 443 762 764
302 762
302 835
31 302 762
302 548 909
302 548 762 904 909
184 302 550 762
302 361
8 302 393 956 1007
302 393 785
1003 1235 1236
188 1235
1235 1236
188 1235 1236 1237
188 1199 1236 1237
188 1236 1319
188 1236
835 1236
188 1236 1237
188 1147 1236 1237
380 509 1236
188 380 509 1236 1237
131 355 1123 1266
41 355 1053 1266
573 857 863 1306
573 820
312 573 611 820
233 276 574
574 691
574 653 691 804
432 576 618 700
576 745
340 577 1171 1172
481 577
431 432 592 618 619
618 779 780
619 1306
276 619
434 435 619
619 820
86 180
47 180 630 631
180 264
180 630 631
630 631
167 630
630 1262
83 630
41 630 813
630 765
341 408 630
599 630 631
408 630 1262
47 630 631
86 408 630 631 688
47 408 631 765
225 671 675 676 680
671 722
76 117 671 1223 1263
163 196 222 224
130 222 1283
193 222 644 806
222 626
222 1201
222 518 791
222 247 600 1042
194 222 309
222 828
222 959 1201
675 1271
596 675 821 1011 1064
444 564 675
132 675
332 413 451 675 903
524 675
564 675 723
451 675 809 903
675 792
132 675 682 792
225 541 675
593 675 712 903
451 593 675 903
162 675 1271
41 541 678 1155
678 679 1155
682 800 953 1001 1155
676 1155
682 1155 1158
223 246 902
223 1075
223 1194
106 223 1193
223 908
223 1314
223 940
223 1047
223 1267
223 737
50 113 223 1106
223 944
77 116 223 652
223 530
223 1017
223 303 341 408
77 223
118 223 225 652
77 223 652
223 246 293 444 1301
7 223 635 636
118 223 1141
223 292 1305
43 56 223 303
127 223 336
57 127 223 735 956
223 1244
223 356 365 1014
223 497
223 393
83 223 534
223 993
223 808
176 223 348 798
83 223
77 118 223 227 652
27 73 225 910
119 225 562
225 332 1157
83 225 785
225 330 333 364 932
225 1291
225 674
225 1157
225 364
225 268
225 333 364 1157
225 333
110 225 680 817
41 225
50 225 333 791
162 225 332 333
123 225 333
225 333 475 494 1082
110 225 327 678 1157
117 225 364
117 225 247
225 648 649
247 1157
563 1011 1157
678 680
447 541 623 678
565 678
447 678 718 812
95 678
311 446 447 496 678
248 680 1297
314 682 1227
682 845
227 1088
227 247 343 1026
154 227 294 706
227 664
138 227 318 1015
194 227 608
73 560 1324
506 1324
73 84 1324
39 389 783 856
39 389 856 861 1308
39 965 1049 1100
39 41 43
39 286 558
41 524 932
41 83 795
41 637
41 356
41 160 699 1106 1174
41 200
41 1198
41 658 1124 1127
41 1176
41 72
32 41 154 289 366
41 43 323 1198
41 654 655
17 41 43 1100
41 356 1198
41 323
41 297
25 41 355 751
43 704
43 655 710
43 127
43 221 286 1221
43 83 352 405
43 266 405 1195
43 962 999
43 96 352 405
154 292 426
68 154 240 244 292
154 1192
154 370
154 843
154 1226
154 292 293 393
154 292 388 920
154 292
300 311 337 696 1109
642 1042
642 1054 1115 1129 1251
556 642
600 642 656
269 556 642
248 507 642 775
232 647 1240
232 516 527 647
311 1223
280 311 337
257 311 646 666
280 311 575
311 337 359
232 311 790 838
311 514 950 997
311 446 496
311 337
58 280 311
311 421 528 1164
42 928
42 929 934 1134
42 928 934 1032 1134
928 1230
928 929 1052
4 47
47 52
47 83 629 717 721
530 535 536
530 747 749
108 530 533 536
530 533
188 427 660
188 385
188 427 660 1216
245 361 520 655
245 361 520
312 820
1023 1327
626 757 1023
417 626 1023
58 235 613
232 235
235 359 696
235 1080
356 699 868 1106 1173
356 699
240 292 334
240 292 334 1192
48 240
46 292 706
20 292 706
294 499 706 770
244 776
37 244 850
46 244 292
1 172 246 250 291
246 828 937 1253
104 182 246 1007
246 292 293
250 456
250 347 516
289 292 488 780 1282
289 912 998
191 212 289
289 384 1273 1302
125 289 474 567 1040
289 388 610 614
72 155 292 293 1150
292 388 424
48 292
155 292 461
158 292 388 777 874
292 347 827 850
292 294
292 776
292 1248
292 388 833
292 388 920
34 292
255 292 881 1197
46 292
292 388
73 292 397
94 292 301 1231
94 292 293 301 1229
292 388 1248 1294
292 868
293 760 799
293 557 1137 1260
293 343 833
106 247 293
293 609 977 1077 1139
294 998 1002
750 843
55 162 1061 1271
1031 1272
1222 1272
626 1272
50 364 1203
130 332 333 364 791
451 593 821 903
505 513 821
792 821
162 367
367 985
827 833
833 850 851 854
112 237 347 833 850
344 368 833 850
483 769
544 791 796
457 519 544 796
58 600
600 726 727
73 506 600
474 493 600
162 449 557 701
162 1182
545 586 589 590 612
612 615
460 615
167 341 765 1033
654 868
33 169 416 654 716
646 654 710
416 646 654 655 710
415 466 654 710 805
472 654 710
127 654 655
286 500 654 710
303 408 655 710
127 655
56 127 655
101 102 146 218 267
198 218 267 1198
101 102 218 1211 1255
101 218
267 1255
186 267 1098
101 267 954
101 186 267 1098
267 1091
102 267
101 102 267 1255
102 1198
119 161 226 269
442 1126 1201
722 1201
58 262 1202
262 1179 1202
1054 1115 1202 1206
262 1202
58 280 421 1179 1202
722 1274
130 813 877 1200
393 1273 1279
952 1273 1288
62 185 837 1038 1101
62 64 67 958
1 155 331 396
977 1063 1077 1139
456 1063 1227
524 541 877 1200
194 657 661
55 194 1061
150 194 978
194 1203
194 656 778
194 247 656
150 194
194 1042
194 656 1200
194 524
194 247
385 427 864
23 385 864
385 1007
208 436
436 437
27 73 907 910
314 809 907
73 1185 1293
73 560 1001 1253
73 84
73 806 1253
73 560
73 506
73 1296
567 569 1153
125 567 569 1040
567 569 1040
11 125 886 887 1210
125 290 886 1210
69 125 1214
122 274 423 786 1040
375 399 1040
569 1153
1019 1020
280 337 359 1020
58 253 1020 1321 1323
954 1036 1311
954 1036
889 896 897 1037 1076
895 896 897 1037 1079
212 428 480 1138
359 666 734 775
333 952
333 371
130 333 792
58 337 350
58 337
337 359 1304
12 337 386 514
12 137 173 337 386
280 337 359
236 337 359
343 1187
90 343
507 828 1287 1289
507 705 744
507 828 1287
6 132 284 1163 1165
0 6 132 398
6 132 318 321
6 132
0 3 6 132 398
77 118 247 378
247 444
248 389 613
454 490 539
626 656
304 626
627 723 845
696 1161
514 515 685 696
159 559 685 741
284 320 1163 1165
236 697 741 1164
232 1045
159 232 249 402
232 1303
232 284 1165 1217
232 575 790
58 232 418 693
232 527
232 286 303 999 1149
419 421 695
359 1013 1165
359 866 1165
300 1165
300 516 1165
10 173 236 386
359 514 515 696
514 515 696
514 515 697 838
284 319
17 355 1100
359 804 808 811
653 804
207 208 653 804
359 656
300 359 1013
359 515
359 514
365 811 1315
474 493 494 495 794
474 495 638
474 493 494 794
474 493 494 495 504
404 474 584 638
470 474
334 474 794 1322
474 584 638
470 474 494
101 102 1091
25 102 254 905
37 921 922
37 921
37 83 405 458 922
37 892 893
37 61 501 502 980
259 353
259 261 353
259 1181
261 906 1181
261 1181
261 906 976 1181
261 949
20 139
382 420 522 739 830
522 621
382 522
526 531
21 26 531
824 831 1283 1288
161 565 605 791 824
130 505 824
130 464 824
161 605 791 824 831
58 1013
58 836
12 58
58 59
58 288
276 462
276 462 730
341 408 1262
408 672 765 1262
217 672 673 765 1262
217 672 765 1262
133 408 765
408 1039 1069
182 384 653
210 1140
205 208 230
207 210
207 938
207 946 1258
208 210 238 868 1076
30 103 108 210
210 533 738
21 471
21 467 471 865 1066
21 66
21 865 867 1066
21 867 992
21 75 471 865 867
21 471 702
21 401
21 75 471 865 1066
26 1160
255 1067
255 257
255 257 387
257 416 646 1197
216 345
303 1219
552 558 1219
551 558 1219
229 303 330 1220
33 285 286 656
286 303
286 338 374
221 286
169 286 303 411
286 778
338 447
338 339 795
347 799
760 799
651 966 1114 1122 1292
960 966
634 966
89 598 613 1240
389 613 783 856
365 390 393 858 862
390 393
69 275 393
365 393
131 393 803 967
393 941 942
393 1270
83 113 288 405
572 686 1328
277 686
686 687 689 691
537 538 687
277 572 687 1328
328 689
273 422 691 705 826
538 582 691
572 582 691
309 691
691 844 847
691 844
46 780
55 806 995 1318
55 952
55 806 828 933 1318
159 514 1304
514 515 925
517 1126
251 917 952 1178 1261
251 917 1264
251 378 952 1178
251 378 765 952 1178
1095 1099
511 1095 1099
69 1095
450 1074 1095
13 149 252
13 252
828 1287 1289
806 828 979 1318
806 828 933 979
451 828 903
524 828 1318
828 1200
114 403 940
1018 1025 1026 1028
449 557 1137
175 239 258 383 1000
242 1050
174 175 242 258 299
140 175 242 988 1050
174 175 242
175 242
83 288 729
288 1143
106 360
106 1017
106 1092
656 1151
351 656 1200
539 1329
170 751 1329
899 1135
83 683
6 83
54 83 1276
83 729
83 1203
83 553
83 124 389 729
83 1022
50 83
83 1247
45 85 930
45 85 113
65 85 1004 1252
485 553 1074
524 565
565 1246
170 565
570 1061
997 1080
421 528 559
325 349
327 329
327 791
84 1253
358 856
389 856
389 424 783 856
1203 1205 1308
334 404 794 1322
334 373
213 604 853 1316
320 977 1327
354 805 977
977 1077 1097 1139
1043 1149
575 789
98 1166
97 166 171 303
78 182
182 183
182 868 987
735 805
116 1058
665 718 736 806
6 138 318
6 156
6 300 516
6 127 568
6 1047 1234
558 952 953 1001
558 800 953
954 1175 1238
954 1168 1311
954 1311
954 1168 1238
202 635
270 363 717 720 721
86 410 720 778
138 318 939 1047 1234
7 602
7 905
7 69 1068
7 1014
539 667
539 872
300 911 1240
897 1076 1079
1076 1079
895 896 1076 1079
662 1116 1120
428 578 670
428 816
228 428 670
428 429 430 684 698
428 430 684 698
428 554 578 670
428 578
428 429 578 670
428 429 430
84 506 1317
69 714
69 275 1068
69 274 275 591 1292
1141 1162
277 357 538 825
33 168 169 171
460 1292
460 715 1184 1189
460 571 1184
460 542 1056
275 983
568 735
2 127
56 57 127
127 803 859
416 1197
599 1156
646 1156
646 1096 1156
646 883 1156
213 616 714
99 213 375 1046
213 1153
195 213 604
28 213 913 916 1153
213 913 914 1153
115 213
379 401
86 187 401 639
401 1269 1320
538 588 825 832
161 605 791 846 848
518 519 791
519 791 796
15 17 438 803
540 859
765 1071
672 765
133 765 948 1039 1069
765 1039
473 477 765 948
477 765 948
673 765 1069
126 133 201 673 765
936 937
1107 1168 1238
377 1282
780 1282
115 275 852
115 852
1005 1017 1154
196 1059
79 99
447 527 529 802
447 496
153 275
275 375 839
661 806
189 766 806
778 860
463 1108 1222
122 423 724 786
8 453
56 57
56 199 324 547 1132
673 948
342 490 1261
604 625 1090 1278
511 604 625 1278
604 651
604 879
511 604 878
511 604 625 1224 1278
511 604 752
511 604 625 1090 1278
1074 1298
641 955 1074 1119
855 972 1074
955 1060 1074 1119 1177
98 606 1074
606 894 1060
28 485 499 606 894
485 606 955
470 493
404 760
898 1153
595 1148
1055 1146
1055 1057 1058
643 873
459 763
60 95 1117
603 819
580 1204
1144 1204
711 1068 1204
809 1151
360 809
281 1256
174 810
174 498 673
175 383 988
144 175 988
144 175 383
175 201 673 1039 1069
409 496 529
1105 1111 1112 1114 1117
156 911 1242
927 1242
1196 1242
1062 1242
994 1196 1242
766 769
17 540
156 300
521 834
681 834
412 479 521 834
422 826
61 835
901 1270
517 748
673 1070
673 882 1030
201 673 1039
126 673 1208
340 1260
143 145 299
452 756
54 478 1276
13 14
161 181 632
842 1075
646 1048
324 646 951 1048 1131
378 841
378 817
378 1005
434 435
855 891
891 895 897
778 781
363 778
420 579
420 731
420 597
98 99 420
420 549 591 849
420 742 743 875
98 420 985
448 745
540 1268
224 677
587 637
775 1209
899 1000
129 254 905
121 254
129 254
121 157 254
485 1152 1191 1278 1281
476 946 1014
855 1152
823 855 1278 1281
395 1310
74 214 395 865 867
510 946 982 1290
476 589 822
166 168 951
511 625 1027
166 169
166 171 199
169 1131
171 324 489 971
272 1154 1218 1284 1312
63 1218
134 365
74 75 963 967 973
74 75 865 957 1241
481 482
53 400
53 136 985
835 1312
661 840
86 521
86 1128 1211
195 742 875
580 880
622 714 1083
356 872
546 601
52 1275
52 1320
52 412 815 818
52 870 871
52 871
52 187 468
44 78 179 190
147 987
156 911
30 425 890
30 297
19 142
599 659
265 324
882 1208
138 1047
868 1128
184 762
433 492 637
594 637
433 637
98 399 711 1024
215 263 1148
78 179
532 770
455 762
542 762
313 987
773 840 1315
391 392
735 758
583 807
583 793
965 1053
602 935
111 1191
376 620 621
376 620 621 709
621 768
376 621 898
814 818
625 1027
894 918 919 1093
1224 1300
1224 1299
1060 1087 1180
1087 1177
478 1174
478 1173
243 465 702
465 865 867
243 256 1008
1066 1094 1145 1241
865 1066
865 1066 1241
1006 1066 1094
996 1066 1094
865 1167
865 1241
865 867 1241
66 884 1102 1103
243 256
243 1145
439 898
991 993
192 1106 1173 1174
703 1173 1174
669 1215 1265
297 1325
297 1233
297 885 1233
9 885 1233
185 837 1038 1101
185 1101
941 942 943
